SRS = EPSG:32610
DOMAIN_TE = 736548.71038734 4143156.02368471 748548.71038734 4151156.02368471
WX_TE = 730548.71038734 4137156.02368471 754548.71038734 4157156.02368471
WX_BEGIN =  2011-01-30 00:00
WX_END = 2011-01-30 00:00
CENTER_LON = -120.28099822998047
CENTER_LAT = 37.439998626708984
